"","Var1","Var2","value"
"1",1,1,1
"2",2,2,1
"3",3,3,1
"4",4,4,1
"5",5,5,1
"6",6,6,1
"7",7,7,1
"8",8,8,1
"9",9,9,1
"10",10,10,1
"11",11,11,1
"12",12,12,1
"13",13,13,1
"14",14,14,1
"15",15,15,1
"16",16,16,1
"17",17,17,1
"18",18,18,1
"19",19,19,1
"20",20,20,1
"21",21,21,1
"22",22,22,1
"23",23,23,1
"24",24,24,1
"25",25,25,1
"26",26,26,1
"27",27,27,1
"28",28,28,1
"29",29,29,1
"30",30,30,1
"31",31,31,1
"32",32,32,1
"33",33,33,1
"34",34,34,1
"35",35,35,1
"36",36,36,1
"37",37,37,1
"38",38,38,1
"39",39,39,1
"40",40,40,1
"41",41,41,1
"42",42,42,1
"43",43,43,1
"44",44,44,1
"45",45,45,1
"46",46,46,1
"47",47,47,1
"48",48,48,1
"49",49,49,1
"50",50,50,1
"51",51,51,1
"52",52,52,1
"53",53,53,1
"54",54,54,1
"55",55,55,1
"56",56,56,1
"57",57,57,1
"58",58,58,1
"59",59,59,1
"60",60,60,1
"61",61,61,1
"62",62,62,1
"63",63,63,1
"64",64,64,1
"65",65,65,1
"66",66,66,1
"67",67,67,1
"68",68,68,1
"69",69,69,1
"70",70,70,1
"71",71,71,1
"72",72,72,1
"73",73,73,1
"74",74,74,1
"75",75,75,1
"76",76,76,1
"77",77,77,1
"78",78,78,1
"79",79,79,1
"80",80,80,1
"81",81,81,1
"82",82,82,1
"83",83,83,1
"84",84,84,1
"85",85,85,1
"86",86,86,1
"87",87,87,1
"88",88,88,1
"89",89,89,1
"90",90,90,1
"91",91,91,1
"92",92,92,1
"93",93,93,1
"94",94,94,1
"95",95,95,1
"96",96,96,1
"97",97,97,1
"98",98,98,1
"99",99,99,1
"100",100,100,1
"101",86,56,0.980170887093632
"102",56,86,0.980170887093632
"103",61,32,0.959599343097431
"104",32,61,0.959599343097431
"105",85,10,0.950102323696014
"106",10,85,0.950102323696014
"107",50,28,0.940828186547283
"108",28,50,0.940828186547283
"109",65,1,0.940421242519074
"110",1,65,0.940421242519074
"111",65,2,0.938808776541144
"112",2,65,0.938808776541144
"113",66,55,0.933625739954194
"114",55,66,0.933625739954194
"115",68,55,0.930068717574084
"116",55,68,0.930068717574084
"117",80,62,0.903026140862074
"118",62,80,0.903026140862074
"119",2,1,0.89812702625909
"120",1,2,0.89812702625909
"121",77,28,0.895877774028995
"122",28,77,0.895877774028995
"123",58,30,0.89137305873786
"124",30,58,0.89137305873786
"125",100,29,0.884077018687192
"126",29,100,0.884077018687192
"127",98,16,0.872241528869071
"128",16,98,0.872241528869071
"129",86,47,0.871332476693299
"130",47,86,0.871332476693299
"131",93,40,0.866979177972966
"132",40,93,0.866979177972966
"133",50,39,0.865765372917088
"134",39,50,0.865765372917088
"135",77,50,0.863819058858292
"136",50,77,0.863819058858292
"137",71,17,0.862715996171535
"138",17,71,0.862715996171535
"139",76,4,0.861724280090556
"140",4,76,0.861724280090556
"141",84,50,0.861595189893027
"142",50,84,0.861595189893027
"143",65,35,0.860348716979401
"144",35,65,0.860348716979401
"145",36,29,0.856040777012696
"146",29,36,0.856040777012696
"147",84,39,0.856033423406405
"148",39,84,0.856033423406405
"149",58,50,0.855182552380047
"150",50,58,0.855182552380047
"151",86,58,-0.854786323953405
"152",58,86,-0.854786323953405
"153",49,30,0.854721001107585
"154",30,49,0.854721001107585
"155",62,36,0.853035230872614
"156",36,62,0.853035230872614
"157",98,84,0.851108121645549
"158",84,98,0.851108121645549
"159",58,16,0.84738670702347
"160",16,58,0.84738670702347
"161",68,66,0.843620768759447
"162",66,68,0.843620768759447
"163",35,1,0.840693990083386
"164",1,35,0.840693990083386
"165",47,1,0.840504110921019
"166",1,47,0.840504110921019
"167",56,47,0.8382121448835
"168",47,56,0.8382121448835
"169",58,56,-0.836187759620741
"170",56,58,-0.836187759620741
"171",80,36,0.835839558222665
"172",36,80,0.835839558222665
"173",56,16,-0.835761331593906
"174",16,56,-0.835761331593906
"175",58,49,0.835096815815937
"176",49,58,0.835096815815937
"177",84,16,0.835070598168867
"178",16,84,0.835070598168867
"179",50,24,0.834521865296863
"180",24,50,0.834521865296863
"181",30,16,0.832855725578155
"182",16,30,0.832855725578155
"183",86,16,-0.832720842355641
"184",16,86,-0.832720842355641
"185",83,56,0.83236440069463
"186",56,83,0.83236440069463
"187",99,65,0.830556764929943
"188",65,99,0.830556764929943
"189",56,29,0.828385242486937
"190",29,56,0.828385242486937
"191",68,13,0.826053702210899
"192",13,68,0.826053702210899
"193",49,16,0.825872236767618
"194",16,49,0.825872236767618
"195",75,69,0.825008968465492
"196",69,75,0.825008968465492
"197",86,1,0.823794321241075
"198",1,86,0.823794321241075
"199",58,1,-0.821680342459535
"200",1,58,-0.821680342459535
"201",99,35,0.820129917882799
"202",35,99,0.820129917882799
"203",53,11,0.816579139738502
"204",11,53,0.816579139738502
"205",79,60,0.816310317938753
"206",60,79,0.816310317938753
"207",60,30,0.815450337820259
"208",30,60,0.815450337820259
"209",100,36,0.815003195016994
"210",36,100,0.815003195016994
"211",83,48,0.812794760639225
"212",48,83,0.812794760639225
"213",95,55,0.811387927959527
"214",55,95,0.811387927959527
"215",65,47,0.811024926567233
"216",47,65,0.811024926567233
"217",77,24,0.810203836405044
"218",24,77,0.810203836405044
"219",91,56,0.808682763369503
"220",56,91,0.808682763369503
"221",52,15,0.808293762898574
"222",15,52,0.808293762898574
"223",79,16,0.805436778253126
"224",16,79,0.805436778253126
"225",58,28,0.804122414605493
"226",28,58,0.804122414605493
"227",86,29,0.801390923468267
"228",29,86,0.801390923468267
"229",28,24,0.80030315356733
"230",24,28,0.80030315356733
"231",86,50,-0.800086680775225
"232",50,86,-0.800086680775225
"233",95,66,0.798955443215938
"234",66,95,0.798955443215938
"235",84,77,0.797918822346146
"236",77,84,0.797918822346146
"237",79,49,0.796491993362598
"238",49,79,0.796491993362598
"239",67,59,0.795517681927188
"240",59,67,0.795517681927188
"241",85,61,0.794497442391291
"242",61,85,0.794497442391291
"243",61,47,0.793656302476149
"244",47,61,0.793656302476149
"245",84,58,0.792872314572983
"246",58,84,0.792872314572983
"247",61,10,0.791822823734751
"248",10,61,0.791822823734751
"249",86,83,0.791738768214987
"250",83,86,0.791738768214987
"251",86,32,0.791349420657152
"252",32,86,0.791349420657152
"253",99,2,0.791233302126385
"254",2,99,0.791233302126385
"255",86,61,0.789648591164905
"256",61,86,0.789648591164905
"257",36,18,0.789624381403881
"258",18,36,0.789624381403881
"259",83,65,0.786369335023768
"260",65,83,0.786369335023768
"261",56,1,0.785792404239462
"262",1,56,0.785792404239462
"263",56,50,-0.784001803241182
"264",50,56,-0.784001803241182
"265",43,21,0.782837355881849
"266",21,43,0.782837355881849
"267",35,2,0.781933265917129
"268",2,35,0.781933265917129
"269",86,30,-0.781427182050593
"270",30,86,-0.781427182050593
"271",99,83,0.780686489142657
"272",83,99,0.780686489142657
"273",33,13,0.779400321447773
"274",13,33,0.779400321447773
"275",62,18,0.778799891670054
"276",18,62,0.778799891670054
"277",91,79,-0.778588644106235
"278",79,91,-0.778588644106235
"279",71,48,0.778281285516686
"280",48,71,0.778281285516686
"281",81,58,0.776902558864921
"282",58,81,0.776902558864921
"283",42,40,0.774945420718024
"284",40,42,0.774945420718024
"285",71,8,0.773829035840987
"286",8,71,0.773829035840987
"287",91,83,0.773377485546632
"288",83,91,0.773377485546632
"289",55,13,0.773195173498799
"290",13,55,0.773195173498799
"291",16,1,-0.772505019914723
"292",1,16,-0.772505019914723
"293",83,5,0.770989446263805
"294",5,83,0.770989446263805
"295",47,32,0.768736306743722
"296",32,47,0.768736306743722
"297",48,2,0.76544070141717
"298",2,48,0.76544070141717
"299",86,49,-0.765323728634479
"300",49,86,-0.765323728634479
"301",95,68,0.764530684119263
"302",68,95,0.764530684119263
"303",56,49,-0.764181951563952
"304",49,56,-0.764181951563952
"305",94,4,0.763189007986933
"306",4,94,0.763189007986933
"307",79,30,0.761320920070615
"308",30,79,0.761320920070615
"309",47,16,-0.758715462895237
"310",16,47,-0.758715462895237
"311",65,58,-0.754875036685192
"312",58,65,-0.754875036685192
"313",32,20,0.753954406210489
"314",20,32,0.753954406210489
"315",8,1,0.753856827764029
"316",1,8,0.753856827764029
"317",50,16,0.753392942188777
"318",16,50,0.753392942188777
"319",56,30,-0.752545265916218
"320",30,56,-0.752545265916218
"321",86,65,0.751536461180494
"322",65,86,0.751536461180494
"323",83,1,0.750332615835503
"324",1,83,0.750332615835503
"325",96,4,0.749836669053712
"326",4,96,0.749836669053712
"327",90,87,0.749768930031339
"328",87,90,0.749768930031339
"329",53,40,0.749105206578987
"330",40,53,0.749105206578987
"331",58,48,-0.747881394149067
"332",48,58,-0.747881394149067
"333",50,1,-0.747626078486256
"334",1,50,-0.747626078486256
"335",84,24,0.745829860174204
"336",24,84,0.745829860174204
"337",86,28,-0.745361479286781
"338",28,86,-0.745361479286781
"339",60,53,0.744183432859393
"340",53,60,0.744183432859393
"341",56,48,0.744126140115199
"342",48,56,0.744126140115199
"343",91,29,0.743710219824023
"344",29,91,0.743710219824023
"345",47,35,0.743632219276195
"346",35,47,0.743632219276195
"347",87,59,0.742882681292967
"348",59,87,0.742882681292967
"349",39,28,0.741508397390586
"350",28,39,0.741508397390586
"351",66,13,0.741063624444027
"352",13,66,0.741063624444027
"353",91,86,0.740205184808663
"354",86,91,0.740205184808663
"355",54,46,0.739522311091372
"356",46,54,0.739522311091372
"357",99,1,0.739022377253513
"358",1,99,0.739022377253513
"359",81,49,0.73888760137493
"360",49,81,0.73888760137493
"361",86,48,0.735934029699218
"362",48,86,0.735934029699218
"363",39,24,0.735873796981044
"364",24,39,0.735873796981044
"365",99,67,0.735091807638225
"366",67,99,0.735091807638225
"367",30,1,-0.734074722269787
"368",1,30,-0.734074722269787
"369",79,58,0.732274184780666
"370",58,79,0.732274184780666
"371",85,32,0.73174623114245
"372",32,85,0.73174623114245
"373",76,14,0.731512944475456
"374",14,76,0.731512944475456
"375",8,2,0.730147654016364
"376",2,8,0.730147654016364
"377",84,28,0.729389567705309
"378",28,84,0.729389567705309
"379",82,28,0.728628236148291
"380",28,82,0.728628236148291
"381",81,48,-0.728044045741775
"382",48,81,-0.728044045741775
"383",49,1,-0.727356610834916
"384",1,49,-0.727356610834916
"385",95,13,0.727130466317842
"386",13,95,0.727130466317842
"387",54,22,0.726805641030723
"388",22,54,0.726805641030723
"389",58,47,-0.726381759255469
"390",47,58,-0.726381759255469
"391",77,39,0.726017104742206
"392",39,77,0.726017104742206
"393",100,80,0.725932875333934
"394",80,100,0.725932875333934
"395",56,32,0.725507157742829
"396",32,56,0.725507157742829
"397",79,56,-0.72519146841198
"398",56,79,-0.72519146841198
"399",32,10,0.724956307207488
"400",10,32,0.724956307207488
"401",84,56,-0.723784959463181
"402",56,84,-0.723784959463181
"403",61,20,0.722877033606256
"404",20,61,0.722877033606256
"405",91,16,-0.722366362333008
"406",16,91,-0.722366362333008
"407",86,84,-0.722354945280364
"408",84,86,-0.722354945280364
"409",94,32,0.721421910187632
"410",32,94,0.721421910187632
"411",98,24,0.720812061968832
"412",24,98,0.720812061968832
"413",56,28,-0.720419585315215
"414",28,56,-0.720419585315215
"415",80,18,0.7199690879034
"416",18,80,0.7199690879034
"417",94,76,0.719804962371232
"418",76,94,0.719804962371232
"419",81,30,0.719253935633437
"420",30,81,0.719253935633437
"421",83,58,-0.718764804851648
"422",58,83,-0.718764804851648
"423",70,28,0.717837889112939
"424",28,70,0.717837889112939
"425",66,38,0.717096282564153
"426",38,66,0.717096282564153
"427",61,56,0.716931643430629
"428",56,61,0.716931643430629
"429",65,48,0.716010261585008
"430",48,65,0.716010261585008
"431",60,49,0.71582779922713
"432",49,60,0.71582779922713
"433",82,24,0.715707687178956
"434",24,82,0.715707687178956
"435",83,2,0.714357991742255
"436",2,83,0.714357991742255
"437",93,42,0.71376681212483
"438",42,93,0.71376681212483
"439",58,24,0.713057406187857
"440",24,58,0.713057406187857
"441",57,37,0.712855395602278
"442",37,57,0.712855395602278
"443",98,39,0.71271480998702
"444",39,98,0.71271480998702
"445",39,16,0.712357040902121
"446",16,39,0.712357040902121
"447",83,47,0.711518741469436
"448",47,83,0.711518741469436
"449",81,50,0.710860666110205
"450",50,81,0.710860666110205
"451",58,39,0.71051786670272
"452",39,58,0.71051786670272
"453",48,1,0.70972991972324
"454",1,48,0.70972991972324
"455",58,2,-0.709006784244209
"456",2,58,-0.709006784244209
"457",28,1,-0.708899073430763
"458",1,28,-0.708899073430763
"459",65,50,-0.708318481216102
"460",50,65,-0.708318481216102
"461",91,47,0.70791743734037
"462",47,91,0.70791743734037
"463",53,49,0.707314253321993
"464",49,53,0.707314253321993
"465",19,17,0.707278425573709
"466",17,19,0.707278425573709
"467",61,1,0.707215986957646
"468",1,61,0.707215986957646
"469",98,58,0.707163380710985
"470",58,98,0.707163380710985
"471",86,79,-0.705713414781811
"472",79,86,-0.705713414781811
"473",91,35,0.70559060428838
"474",35,91,0.70559060428838
"475",84,49,0.704842530685105
"476",49,84,0.704842530685105
"477",83,16,-0.704460532934613
"478",16,83,-0.704460532934613
"479",94,61,0.703815074243118
"480",61,94,0.703815074243118
"481",91,39,-0.702216369577848
"482",39,91,-0.702216369577848
"483",65,56,0.701899397381555
"484",56,65,0.701899397381555
"485",80,74,0.701719153313634
"486",74,80,0.701719153313634
"487",91,49,-0.700094497683859
"488",49,91,-0.700094497683859
"489",85,47,0.700038265657127
"490",47,85,0.700038265657127
"491",92,39,0.697737679677473
"492",39,92,0.697737679677473
"493",50,47,-0.697354505307962
"494",47,50,-0.697354505307962
"495",100,62,0.697199007945009
"496",62,100,0.697199007945009
"497",78,69,0.69642206863508
"498",69,78,0.69642206863508
"499",56,39,-0.696371719734272
"500",39,56,-0.696371719734272
"501",84,1,-0.696194698638507
"502",1,84,-0.696194698638507
"503",69,3,0.695641022657403
"504",3,69,0.695641022657403
"505",49,40,0.693686915689843
"506",40,49,0.693686915689843
"507",48,17,0.692048458520843
"508",17,48,0.692048458520843
"509",17,15,0.69060941015953
"510",15,17,0.69060941015953
"511",77,58,0.689380119343887
"512",58,77,0.689380119343887
"513",98,56,-0.688200912091396
"514",56,98,-0.688200912091396
"515",96,14,0.687874444264422
"516",14,96,0.687874444264422
"517",67,2,0.687255145222135
"518",2,67,0.687255145222135
"519",98,79,0.686928660944194
"520",79,98,0.686928660944194
"521",85,16,-0.685396207067368
"522",16,85,-0.685396207067368
"523",99,48,0.684383049225131
"524",48,99,0.684383049225131
"525",14,4,0.684163920594261
"526",4,14,0.684163920594261
"527",65,16,-0.684053387195207
"528",16,65,-0.684053387195207
"529",98,30,0.683745706678066
"530",30,98,0.683745706678066
"531",87,10,0.68371196334674
"532",10,87,0.68371196334674
"533",92,84,0.682293661627317
"534",84,92,0.682293661627317
"535",71,2,0.681667051110133
"536",2,71,0.681667051110133
"537",50,2,-0.681307556109787
"538",2,50,-0.681307556109787
"539",29,16,-0.68116753501884
"540",16,29,-0.68116753501884
"541",28,2,-0.680700016307683
"542",2,28,-0.680700016307683
"543",86,39,-0.680581638008454
"544",39,86,-0.680581638008454
"545",98,86,-0.679765995249215
"546",86,98,-0.679765995249215
"547",79,29,-0.679597616214345
"548",29,79,-0.679597616214345
"549",65,8,0.679445828386246
"550",8,65,0.679445828386246
"551",59,26,0.679153697185888
"552",26,59,0.679153697185888
"553",50,48,-0.679048992176315
"554",48,50,-0.679048992176315
"555",91,58,-0.678975271113195
"556",58,91,-0.678975271113195
"557",65,28,-0.678168470955109
"558",28,65,-0.678168470955109
"559",83,50,-0.67812046473135
"560",50,83,-0.67812046473135
"561",61,58,-0.677848140434733
"562",58,61,-0.677848140434733
"563",49,47,-0.677674137935675
"564",47,49,-0.677674137935675
"565",75,3,0.675485906568077
"566",3,75,0.675485906568077
"567",65,49,-0.675071482816509
"568",49,65,-0.675071482816509
"569",68,33,0.675012638811611
"570",33,68,0.675012638811611
"571",94,33,0.674990900973983
"572",33,94,0.674990900973983
"573",86,24,-0.67479528206518
"574",24,86,-0.67479528206518
"575",48,5,0.674392055876917
"576",5,48,0.674392055876917
"577",98,50,0.673564184147275
"578",50,98,0.673564184147275
"579",70,2,-0.673247199011753
"580",2,70,-0.673247199011753
"581",48,19,0.673054182929164
"582",19,48,0.673054182929164
"583",49,39,0.672951093336653
"584",39,49,0.672951093336653
"585",78,38,0.672946255353978
"586",38,78,0.672946255353978
"587",87,85,0.6707024299053
"588",85,87,0.6707024299053
"589",46,6,0.670331488226882
"590",6,46,0.670331488226882
"591",39,29,-0.669945946782902
"592",29,39,-0.669945946782902
"593",83,79,-0.669501483538562
"594",79,83,-0.669501483538562
"595",32,1,0.668411072193522
"596",1,32,0.668411072193522
"597",86,85,0.668361403634081
"598",85,86,0.668361403634081
"599",60,58,0.667404096644787
"600",58,60,0.667404096644787
"601",80,29,0.667026006434778
"602",29,80,0.667026006434778
"603",65,30,-0.666097465940496
"604",30,65,-0.666097465940496
"605",85,58,-0.665508917917252
"606",58,85,-0.665508917917252
"607",60,16,0.665169184826365
"608",16,60,0.665169184826365
"609",96,76,0.664934009758331
"610",76,96,0.664934009758331
"611",56,24,-0.664760576336924
"612",24,56,-0.664760576336924
"613",67,26,0.663931927220065
"614",26,67,0.663931927220065
"615",85,56,0.662565275778667
"616",56,85,0.662565275778667
"617",79,39,0.66226635585237
"618",39,79,0.66226635585237
"619",99,58,-0.661824535206857
"620",58,99,-0.661824535206857
"621",40,13,0.660829563076427
"622",13,40,0.660829563076427
"623",47,29,0.66052653135421
"624",29,47,0.66052653135421
"625",31,12,0.660325612852477
"626",12,31,0.660325612852477
"627",50,49,0.659558279626569
"628",49,50,0.659558279626569
"629",83,49,-0.659357340905705
"630",49,83,-0.659357340905705
"631",53,30,0.658672239729091
"632",30,53,0.658672239729091
"633",61,16,-0.658379776067986
"634",16,61,-0.658379776067986
"635",99,91,0.658078511875026
"636",91,99,0.658078511875026
"637",84,47,-0.657214191579547
"638",47,84,-0.657214191579547
"639",47,10,0.657122169720972
"640",10,47,0.657122169720972
"641",80,55,-0.656791877935076
"642",55,80,-0.656791877935076
"643",92,77,0.656658057754841
"644",77,92,0.656658057754841
"645",85,50,-0.656432906535165
"646",50,85,-0.656432906535165
"647",9,8,0.655901327714241
"648",8,9,0.655901327714241
"649",48,30,-0.655727897553085
"650",30,48,-0.655727897553085
"651",16,10,-0.655708455805427
"652",10,16,-0.655708455805427
"653",86,2,0.65438615890137
"654",2,86,0.65438615890137
"655",88,74,0.653583270677038
"656",74,88,0.653583270677038
"657",47,30,-0.653394135224465
"658",30,47,-0.653394135224465
"659",70,67,-0.653186155603097
"660",67,70,-0.653186155603097
"661",98,27,0.653005442336436
"662",27,98,0.653005442336436
"663",76,61,0.650923777694062
"664",61,76,0.650923777694062
"665",86,20,0.650346196620001
"666",20,86,0.650346196620001
"667",86,8,0.649652037655425
"668",8,86,0.649652037655425
"669",47,2,0.647905609082226
"670",2,47,0.647905609082226
"671",47,28,-0.647466534991025
"672",28,47,-0.647466534991025
"673",46,22,0.647441969294486
"674",22,46,0.647441969294486
"675",24,16,0.647200924347917
"676",16,24,0.647200924347917
"677",71,9,0.646581140203897
"678",9,71,0.646581140203897
"679",78,66,0.64584446180451
"680",66,78,0.64584446180451
"681",76,68,0.645495868484893
"682",68,76,0.645495868484893
"683",91,1,0.645412645020717
"684",1,91,0.645412645020717
"685",70,65,-0.645309730867494
"686",65,70,-0.645309730867494
"687",58,10,-0.644661000322972
"688",10,58,-0.644661000322972
"689",84,30,0.644520248995057
"690",30,84,0.644520248995057
"691",33,4,0.644508430844078
"692",4,33,0.644508430844078
"693",35,16,-0.644134347758466
"694",16,35,-0.644134347758466
"695",96,68,0.643892888010568
"696",68,96,0.643892888010568
"697",50,30,0.643561255812046
"698",30,50,0.643561255812046
"699",56,36,0.642102090104026
"700",36,56,0.642102090104026
"701",20,9,0.642093264126935
"702",9,20,0.642093264126935
"703",66,57,-0.641702117282466
"704",57,66,-0.641702117282466
"705",86,81,-0.641557846880526
"706",81,86,-0.641557846880526
"707",81,1,-0.640303582418673
"708",1,81,-0.640303582418673
"709",63,37,0.639579517359155
"710",37,63,0.639579517359155
"711",58,35,-0.638995653534549
"712",35,58,-0.638995653534549
"713",49,35,-0.638421494902501
"714",35,49,-0.638421494902501
"715",62,29,0.638292076163472
"716",29,62,0.638292076163472
"717",61,50,-0.638215031991174
"718",50,61,-0.638215031991174
"719",48,28,-0.63683375062768
"720",28,48,-0.63683375062768
"721",86,60,-0.636707618268444
"722",60,86,-0.636707618268444
"723",91,50,-0.636120602932034
"724",50,91,-0.636120602932034
"725",93,49,0.635880226904932
"726",49,93,0.635880226904932
"727",85,84,-0.635435550199763
"728",84,85,-0.635435550199763
"729",68,4,0.635112008546625
"730",4,68,0.635112008546625
"731",79,47,-0.634876415632169
"732",47,79,-0.634876415632169
"733",81,2,-0.634785482513215
"734",2,81,-0.634785482513215
"735",70,50,0.633770964122939
"736",50,70,0.633770964122939
"737",61,28,-0.633711482837637
"738",28,61,-0.633711482837637
"739",49,29,-0.633266118354683
"740",29,49,-0.633266118354683
"741",99,50,-0.632893548037952
"742",50,99,-0.632893548037952
"743",56,10,0.632839446050521
"744",10,56,0.632839446050521
"745",81,56,-0.6326470921352
"746",56,81,-0.6326470921352
"747",93,13,0.632392022048542
"748",13,93,0.632392022048542
"749",66,49,0.632179666757115
"750",49,66,0.632179666757115
"751",58,29,-0.631477641532012
"752",29,58,-0.631477641532012
"753",82,23,0.631206523830347
"754",23,82,0.631206523830347
"755",83,30,-0.631087992176379
"756",30,83,-0.631087992176379
"757",61,30,-0.630947942411607
"758",30,61,-0.630947942411607
"759",85,29,0.630143945060115
"760",29,85,0.630143945060115
"761",84,65,-0.629915811568105
"762",65,84,-0.629915811568105
"763",70,1,-0.629825303745697
"764",1,70,-0.629825303745697
"765",85,28,-0.629201879621534
"766",28,85,-0.629201879621534
"767",86,10,0.628799361893196
"768",10,86,0.628799361893196
"769",98,49,0.627677810300126
"770",49,98,0.627677810300126
"771",57,38,-0.627534888387691
"772",38,57,-0.627534888387691
"773",83,35,0.627361786172447
"774",35,83,0.627361786172447
"775",96,13,0.627131905052858
"776",13,96,0.627131905052858
"777",20,8,0.627072038776971
"778",8,20,0.627072038776971
"779",80,66,-0.626997365979576
"780",66,80,-0.626997365979576
"781",84,81,0.626701916614141
"782",81,84,0.626701916614141
"783",98,47,-0.62653321025653
"784",47,98,-0.62653321025653
"785",71,19,0.626485987313641
"786",19,71,0.626485987313641
"787",67,28,-0.62624233935296
"788",28,67,-0.62624233935296
"789",96,55,0.625968514505011
"790",55,96,0.625968514505011
"791",32,29,0.625756673343135
"792",29,32,0.625756673343135
"793",17,2,0.625424562603305
"794",2,17,0.625424562603305
"795",79,35,-0.624736232409513
"796",35,79,-0.624736232409513
"797",98,1,-0.624298556366411
"798",1,98,-0.624298556366411
"799",49,48,-0.624154708742557
"800",48,49,-0.624154708742557
"801",49,38,0.623937165961954
"802",38,49,0.623937165961954
"803",32,16,-0.623900014213157
"804",16,32,-0.623900014213157
"805",90,10,0.623500953483614
"806",10,90,0.623500953483614
"807",28,16,0.622007095014577
"808",16,28,0.622007095014577
"809",28,8,-0.622000547140246
"810",8,28,-0.622000547140246
"811",52,19,0.621993558388642
"812",19,52,0.621993558388642
"813",83,28,-0.621888397567744
"814",28,83,-0.621888397567744
"815",40,11,0.621643982413286
"816",11,40,0.621643982413286
"817",99,49,-0.62044193893976
"818",49,99,-0.62044193893976
"819",99,26,0.620077089250666
"820",26,99,0.620077089250666
"821",58,32,-0.61954323114233
"822",32,58,-0.61954323114233
"823",24,23,0.618941368332036
"824",23,24,0.618941368332036
"825",40,30,0.617613297335483
"826",30,40,0.617613297335483
"827",60,56,-0.617560078344255
"828",56,60,-0.617560078344255
"829",80,78,-0.617449413422082
"830",78,80,-0.617449413422082
"831",93,30,0.617034902448162
"832",30,93,0.617034902448162
"833",86,36,0.616529558670763
"834",36,86,0.616529558670763
"835",8,5,0.61616677596581
"836",5,8,0.61616677596581
"837",79,1,-0.616129137021065
"838",1,79,-0.616129137021065
"839",86,77,-0.61588253572756
"840",77,86,-0.61588253572756
"841",81,65,-0.615730219548795
"842",65,81,-0.615730219548795
"843",91,84,-0.615391284617755
"844",84,91,-0.615391284617755
"845",34,23,-0.614797577275538
"846",23,34,-0.614797577275538
"847",67,50,-0.613817284611934
"848",50,67,-0.613817284611934
"849",81,39,0.613664789674991
"850",39,81,0.613664789674991
"851",84,83,-0.613541328531664
"852",83,84,-0.613541328531664
"853",81,28,0.613125227313457
"854",28,81,0.613125227313457
"855",18,6,-0.6126255156008
"856",6,18,-0.6126255156008
"857",61,4,0.612388727530709
"858",4,61,0.612388727530709
"859",86,35,0.612081905016021
"860",35,86,0.612081905016021
"861",55,38,0.612010675739346
"862",38,55,0.612010675739346
"863",82,50,0.611381365443481
"864",50,82,0.611381365443481
"865",60,1,-0.611164872874823
"866",1,60,-0.611164872874823
"867",52,4,-0.610884669222862
"868",4,52,-0.610884669222862
"869",49,11,0.610744477712742
"870",11,49,0.610744477712742
"871",50,10,-0.610149083717178
"872",10,50,-0.610149083717178
"873",99,79,-0.609636582448953
"874",79,99,-0.609636582448953
"875",71,20,0.609444166176964
"876",20,71,0.609444166176964
"877",30,2,-0.60903648096417
"878",2,30,-0.60903648096417
"879",71,5,0.608743312805973
"880",5,71,0.608743312805973
"881",99,47,0.608088981130812
"882",47,99,0.608088981130812
"883",77,1,-0.607831967349923
"884",1,77,-0.607831967349923
"885",51,31,0.607296137657184
"886",31,51,0.607296137657184
"887",78,74,-0.606687038440033
"888",74,78,-0.606687038440033
"889",81,67,-0.605101863111356
"890",67,81,-0.605101863111356
"891",13,4,0.604829342581853
"892",4,13,0.604829342581853
"893",83,81,-0.60376141684382
"894",81,83,-0.60376141684382
"895",100,56,0.603694669416688
"896",56,100,0.603694669416688
"897",47,8,0.603182414820847
"898",8,47,0.603182414820847
"899",94,14,0.603147674610016
"900",14,94,0.603147674610016
"901",99,16,-0.602563043998316
"902",16,99,-0.602563043998316
"903",24,1,-0.602398720863606
"904",1,24,-0.602398720863606
"905",83,39,-0.602021364655145
"906",39,83,-0.602021364655145
"907",82,58,0.601970761410232
"908",58,82,0.601970761410232
"909",56,2,0.601691239540123
"910",2,56,0.601691239540123
"911",36,6,-0.600497273826475
"912",6,36,-0.600497273826475
"913",47,39,-0.600448931010784
"914",39,47,-0.600448931010784
"915",69,36,-0.599711184768775
"916",36,69,-0.599711184768775
"917",88,80,0.598914156121657
"918",80,88,0.598914156121657
"919",77,56,-0.598241892775767
"920",56,77,-0.598241892775767
"921",84,10,-0.597478040974577
"922",10,84,-0.597478040974577
"923",85,30,-0.597075980669437
"924",30,85,-0.597075980669437
"925",99,81,-0.596659451316939
"926",81,99,-0.596659451316939
"927",76,32,0.59652983740979
"928",32,76,0.59652983740979
"929",92,50,0.59636727522101
"930",50,92,0.59636727522101
"931",82,77,0.595694821944451
"932",77,82,0.595694821944451
"933",50,29,-0.595652945034245
"934",29,50,-0.595652945034245
"935",56,8,0.595378333101616
"936",8,56,0.595378333101616
"937",79,50,0.595347991041233
"938",50,79,0.595347991041233
"939",26,2,0.595063859868838
"940",2,26,0.595063859868838
"941",67,48,0.594948769129926
"942",48,67,0.594948769129926
"943",27,16,0.594868234808306
"944",16,27,0.594868234808306
"945",81,53,0.59478280239357
"946",53,81,0.59478280239357
"947",96,95,0.594514536796118
"948",95,96,0.594514536796118
"949",100,86,0.594351854436943
"950",86,100,0.594351854436943
"951",98,91,-0.594186320404278
"952",91,98,-0.594186320404278
"953",50,35,-0.594081674069779
"954",35,50,-0.594081674069779
"955",91,65,0.593788073680395
"956",65,91,0.593788073680395
"957",25,13,0.593743900344399
"958",13,25,0.593743900344399
"959",47,24,-0.593603729265082
"960",24,47,-0.593603729265082
"961",56,5,0.592471308285354
"962",5,56,0.592471308285354
"963",79,65,-0.592430541341045
"964",65,79,-0.592430541341045
"965",84,79,0.591808066542656
"966",79,84,0.591808066542656
"967",49,2,-0.591311465177639
"968",2,49,-0.591311465177639
"969",56,35,0.591173650158956
"970",35,56,0.591173650158956
"971",32,8,0.590797125934843
"972",8,32,0.590797125934843
"973",85,49,-0.590280816453909
"974",49,85,-0.590280816453909
"975",99,56,0.58973664117071
"976",56,99,0.58973664117071
"977",78,36,-0.588788955741952
"978",36,78,-0.588788955741952
"979",44,7,0.588588715280714
"980",7,44,0.588588715280714
"981",70,58,0.588280328253201
"982",58,70,0.588280328253201
"983",61,14,0.587499176138403
"984",14,61,0.587499176138403
"985",56,20,0.587141255109346
"986",20,56,0.587141255109346
"987",17,9,0.586761383368265
"988",9,17,0.586761383368265
"989",30,10,-0.586635942842091
"990",10,30,-0.586635942842091
"991",61,8,0.586529325384326
"992",8,61,0.586529325384326
"993",77,8,-0.584915492049222
"994",8,77,-0.584915492049222
"995",76,33,0.584596009991333
"996",33,76,0.584596009991333
"997",67,35,0.583825202180019
"998",35,67,0.583825202180019
"999",69,29,-0.582702178336891
"1000",29,69,-0.582702178336891
"1001",48,8,0.582521610638831
"1002",8,48,0.582521610638831
"1003",50,32,-0.582469542526954
"1004",32,50,-0.582469542526954
"1005",32,30,-0.581987892278377
"1006",30,32,-0.581987892278377
"1007",65,60,-0.581585923821116
"1008",60,65,-0.581585923821116
"1009",57,55,-0.580337724200317
"1010",55,57,-0.580337724200317
"1011",83,24,-0.580148584541002
"1012",24,83,-0.580148584541002
"1013",65,61,0.580092466920371
"1014",61,65,0.580092466920371
"1015",74,57,0.579825235520776
"1016",57,74,0.579825235520776
"1017",67,65,0.579820861807995
"1018",65,67,0.579820861807995
"1019",91,85,0.579634793514403
"1020",85,91,0.579634793514403
"1021",77,70,0.579461605826077
"1022",70,77,0.579461605826077
"1023",99,86,0.579401238683985
"1024",86,99,0.579401238683985
"1025",70,8,-0.578941416440296
"1026",8,70,-0.578941416440296
"1027",84,61,-0.57848501982456
"1028",61,84,-0.57848501982456
"1029",81,16,0.578421628455244
"1030",16,81,0.578421628455244
"1031",28,10,-0.578351164982056
"1032",10,28,-0.578351164982056
"1033",92,6,0.578333763846004
"1034",6,92,0.578333763846004
"1035",71,12,-0.578069286365885
"1036",12,71,-0.578069286365885
"1037",36,22,-0.577805577672822
"1038",22,36,-0.577805577672822
"1039",66,40,0.576052834360463
"1040",40,66,0.576052834360463
"1041",50,8,-0.576004327323847
"1042",8,50,-0.576004327323847
"1043",98,44,0.575681151510325
"1044",44,98,0.575681151510325
"1045",55,33,0.575550435250174
"1046",33,55,0.575550435250174
"1047",26,17,0.575401813349896
"1048",17,26,0.575401813349896
"1049",9,2,0.574882432718734
"1050",2,9,0.574882432718734
"1051",16,2,-0.574251593942999
"1052",2,16,-0.574251593942999
"1053",71,3,0.574042183658481
"1054",3,71,0.574042183658481
"1055",66,36,-0.573536900778482
"1056",36,66,-0.573536900778482
"1057",83,60,-0.572175236495267
"1058",60,83,-0.572175236495267
"1059",58,8,-0.572132882273851
"1060",8,58,-0.572132882273851
"1061",99,39,-0.571611746429784
"1062",39,99,-0.571611746429784
"1063",91,30,-0.571577737867213
"1064",30,91,-0.571577737867213
"1065",77,2,-0.57118149555389
"1066",2,77,-0.57118149555389
"1067",80,46,-0.570718332121059
"1068",46,80,-0.570718332121059
"1069",61,29,0.570630654006595
"1070",29,61,0.570630654006595
"1071",19,5,0.57044557687663
"1072",5,19,0.57044557687663
"1073",39,1,-0.57017128454989
"1074",1,39,-0.57017128454989
"1075",66,33,0.570090607449078
"1076",33,66,0.570090607449078
"1077",75,22,0.569886462993017
"1078",22,75,0.569886462993017
"1079",99,28,-0.569673324641253
"1080",28,99,-0.569673324641253
"1081",84,35,-0.569627822972502
"1082",35,84,-0.569627822972502
"1083",98,29,-0.569579392904374
"1084",29,98,-0.569579392904374
"1085",20,1,0.569505081668742
"1086",1,20,0.569505081668742
"1087",33,25,0.569112235243606
"1088",25,33,0.569112235243606
"1089",84,29,-0.568411799939771
"1090",29,84,-0.568411799939771
"1091",64,22,0.567832930028961
"1092",22,64,0.567832930028961
"1093",98,83,-0.567551688824605
"1094",83,98,-0.567551688824605
"1095",62,55,-0.567127819297916
"1096",55,62,-0.567127819297916
"1097",7,3,0.567112324629822
"1098",3,7,0.567112324629822
"1099",60,44,0.567001426761542
"1100",44,60,0.567001426761542
"1101",48,20,0.566278687187899
"1102",20,48,0.566278687187899
"1103",99,84,-0.566012958687952
"1104",84,99,-0.566012958687952
"1105",84,48,-0.565916147723453
"1106",48,84,-0.565916147723453
"1107",60,47,-0.565189872998094
"1108",47,60,-0.565189872998094
"1109",29,18,0.565034094736164
"1110",18,29,0.565034094736164
"1111",70,49,0.564995961109154
"1112",49,70,0.564995961109154
"1113",85,1,0.564774015481691
"1114",1,85,0.564774015481691
"1115",32,28,-0.564594958094964
"1116",28,32,-0.564594958094964
"1117",72,60,0.564525016671062
"1118",60,72,0.564525016671062
"1119",71,1,0.564232217834642
"1120",1,71,0.564232217834642
"1121",81,70,0.564178990178187
"1122",70,81,0.564178990178187
"1123",79,53,0.563252689687127
"1124",53,79,0.563252689687127
"1125",55,36,-0.56324174887757
"1126",36,55,-0.56324174887757
"1127",81,11,0.563228339385132
"1128",11,81,0.563228339385132
"1129",99,59,0.563162421204318
"1130",59,99,0.563162421204318
"1131",99,30,-0.562627059453905
"1132",30,99,-0.562627059453905
"1133",77,61,-0.562510557447184
"1134",61,77,-0.562510557447184
"1135",78,55,0.562141183305936
"1136",55,78,0.562141183305936
"1137",65,24,-0.562105542902266
"1138",24,65,-0.562105542902266
"1139",76,55,0.562060873698633
"1140",55,76,0.562060873698633
"1141",98,85,-0.561845635546607
"1142",85,98,-0.561845635546607
"1143",29,10,0.561283755394423
"1144",10,29,0.561283755394423
"1145",83,19,0.560801758289786
"1146",19,83,0.560801758289786
"1147",81,40,0.560607405003975
"1148",40,81,0.560607405003975
"1149",67,58,-0.560184248909476
"1150",58,67,-0.560184248909476
"1151",78,29,-0.560042824873873
"1152",29,78,-0.560042824873873
"1153",91,48,0.559816355535067
"1154",48,91,0.559816355535067
"1155",57,18,0.559667675287946
"1156",18,57,0.559667675287946
"1157",65,39,-0.559622437041104
"1158",39,65,-0.559622437041104
"1159",70,47,-0.559575420620869
"1160",47,70,-0.559575420620869
"1161",91,28,-0.558465010537257
"1162",28,91,-0.558465010537257
"1163",77,65,-0.558394381634176
"1164",65,77,-0.558394381634176
"1165",84,2,-0.558193536354309
"1166",2,84,-0.558193536354309
"1167",39,36,-0.558075181108091
"1168",36,39,-0.558075181108091
"1169",48,16,-0.55737247462759
"1170",16,48,-0.55737247462759
"1171",58,53,0.557319702805721
"1172",53,58,0.557319702805721
"1173",94,47,0.557279683932483
"1174",47,94,0.557279683932483
"1175",9,1,0.557256648592117
"1176",1,9,0.557256648592117
"1177",81,79,0.556984489600138
"1178",79,81,0.556984489600138
"1179",10,1,0.556452284128084
"1180",1,10,0.556452284128084
"1181",36,16,-0.555425508992229
"1182",16,36,-0.555425508992229
"1183",77,67,-0.554872443925334
"1184",67,77,-0.554872443925334
"1185",49,10,-0.554586665655862
"1186",10,49,-0.554586665655862
"1187",69,22,0.554581560812804
"1188",22,69,0.554581560812804
"1189",46,18,-0.554193318621561
"1190",18,46,-0.554193318621561
"1191",68,57,-0.553779036387687
"1192",57,68,-0.553779036387687
"1193",83,23,-0.553722025414525
"1194",23,83,-0.553722025414525
"1195",67,1,0.553169899991111
"1196",1,67,0.553169899991111
"1197",85,77,-0.553051053612077
"1198",77,85,-0.553051053612077
"1199",86,5,0.552394217427415
"1200",5,86,0.552394217427415
"1201",75,15,0.55146929099213
"1202",15,75,0.55146929099213
"1203",62,46,-0.551406421914447
"1204",46,62,-0.551406421914447
"1205",48,39,-0.551054254998687
"1206",39,48,-0.551054254998687
"1207",39,35,-0.550600549951627
"1208",35,39,-0.550600549951627
"1209",74,31,0.550591494147937
"1210",31,74,0.550591494147937
"1211",32,4,0.550505783842788
"1212",4,32,0.550505783842788
"1213",30,29,-0.55002525428972
"1214",29,30,-0.55002525428972
"1215",81,60,0.548683758561595
"1216",60,81,0.548683758561595
"1217",61,49,-0.548258179112892
"1218",49,61,-0.548258179112892
"1219",93,53,0.547662034370321
"1220",53,93,0.547662034370321
"1221",85,39,-0.546874922047278
"1222",39,85,-0.546874922047278
"1223",92,13,0.546773867861292
"1224",13,92,0.546773867861292
"1225",79,69,0.546743372331684
"1226",69,79,0.546743372331684
"1227",49,13,0.546574848095794
"1228",13,49,0.546574848095794
"1229",35,30,-0.546170053578432
"1230",30,35,-0.546170053578432
"1231",92,58,0.546042766476892
"1232",58,92,0.546042766476892
"1233",73,53,0.545986828500049
"1234",53,73,0.545986828500049
"1235",94,85,0.545947996873788
"1236",85,94,0.545947996873788
"1237",77,48,-0.545127772911985
"1238",48,77,-0.545127772911985
"1239",94,29,0.544968944679325
"1240",29,94,0.544968944679325
"1241",30,28,0.544952375898242
"1242",28,30,0.544952375898242
"1243",49,28,0.544725247340037
"1244",28,49,0.544725247340037
"1245",39,6,0.544573326270071
"1246",6,39,0.544573326270071
"1247",91,60,-0.543960436931368
"1248",60,91,-0.543960436931368
"1249",58,20,-0.54395015233705
"1250",20,58,-0.54395015233705
"1251",55,4,0.543867962284816
"1252",4,55,0.543867962284816
"1253",68,38,0.543651477645342
"1254",38,68,0.543651477645342
"1255",91,10,0.543449621912129
"1256",10,91,0.543449621912129
"1257",60,23,0.543448691213464
"1258",23,60,0.543448691213464
"1259",98,10,-0.543296066886134
"1260",10,98,-0.543296066886134
"1261",74,66,-0.543290637397747
"1262",66,74,-0.543290637397747
"1263",32,14,0.54298171605401
"1264",14,32,0.54298171605401
"1265",77,16,0.542568598468453
"1266",16,77,0.542568598468453
"1267",80,69,-0.542555766019612
"1268",69,80,-0.542555766019612
"1269",88,62,0.542337971654439
"1270",62,88,0.542337971654439
"1271",68,23,-0.541393616286015
"1272",23,68,-0.541393616286015
"1273",42,13,0.541169071688233
"1274",13,42,0.541169071688233
"1275",84,32,-0.540817633368398
"1276",32,84,-0.540817633368398
"1277",66,62,-0.540533641381437
"1278",62,66,-0.540533641381437
"1279",94,86,0.539809487818711
"1280",86,94,0.539809487818711
"1281",70,40,0.539563991494076
"1282",40,70,0.539563991494076
"1283",15,4,-0.537165254576974
"1284",4,15,-0.537165254576974
"1285",33,15,-0.537008848957733
"1286",15,33,-0.537008848957733
"1287",95,40,0.536975754744402
"1288",40,95,0.536975754744402
"1289",71,65,0.536873394004771
"1290",65,71,0.536873394004771
"1291",83,8,0.536603309886522
"1292",8,83,0.536603309886522
"1293",91,81,-0.536301083064249
"1294",81,91,-0.536301083064249
"1295",29,24,-0.535754481701213
"1296",24,29,-0.535754481701213
"1297",62,6,-0.535587760225445
"1298",6,62,-0.535587760225445
"1299",78,57,-0.535396306961174
"1300",57,78,-0.535396306961174
"1301",60,11,0.535151132236095
"1302",11,60,0.535151132236095
"1303",74,62,0.534773485683126
"1304",62,74,0.534773485683126
"1305",46,36,-0.53451679014715
"1306",36,46,-0.53451679014715
"1307",35,28,-0.534084614546626
"1308",28,35,-0.534084614546626
"1309",49,36,-0.534048090719707
"1310",36,49,-0.534048090719707
"1311",92,28,0.533912373309784
"1312",28,92,0.533912373309784
"1313",44,23,0.533906697808879
"1314",23,44,0.533906697808879
"1315",98,65,-0.53379075878202
"1316",65,98,-0.53379075878202
"1317",78,49,0.533710439725619
"1318",49,78,0.533710439725619
"1319",100,94,0.533709681441784
"1320",94,100,0.533709681441784
"1321",88,41,0.533685777605905
"1322",41,88,0.533685777605905
"1323",98,61,-0.533321352714147
"1324",61,98,-0.533321352714147
"1325",10,4,0.533184094835918
"1326",4,10,0.533184094835918
"1327",48,12,-0.532775403293795
"1328",12,48,-0.532775403293795
"1329",92,48,-0.532540567220477
"1330",48,92,-0.532540567220477
